1 -18 0
28 0
9 -12 0
1 -2 -23 0
26 12 -27 0
23 -7 -24 0
23 14 -9 -20 0
1 -7 -14 -25 0
23 -19 -25 -26 0
22 -12 -25 0
27 16 -14 -24 0
24 23 20 -22 -27 0
27 12 -17 -19 -20 0
27 17 14 7 -5 0
19 -14 -20 -24 -26 0
24 14 -16 -20 -23 0
23 22 19 -14 -27 0
27 20 17 -2 -16 0
16 14 12 -19 -27 0
25 5 2 -12 -14 -27 0
22 19 16 14 2 -9 -26 0
20 -7 -9 -11 -17 -19 0
26 25 16 14 11 5 0
24 11 7 5 -17 -25 0
12 7 5 -20 -22 -24 0
24 23 19 17 9 -25 0
20 12 -5 -19 -22 -24 0
26 25 -2 -12 -20 0
16 14 -7 -17 -19 0
27 25 24 14 11 -5 -9 0
23 14 -5 -19 -26 0
17 12 7 5 -9 -25 -26 0
26 24 20 -23 -27 0
17 -5 -7 -14 -22 -23 0
25 7 -2 -14 -16 -17 -26 0
7 -11 -16 -20 -24 -27 0
23 19 14 5 -7 -9 0
22 20 19 2 -5 -25 -26 0
27 26 25 16 2 -19 -20 0
27 23 19 2 -11 -14 -16 -17 0
27 26 23 20 -16 -24 -25 0
25 16 2 -5 -9 -24 -26 -27 0
24 11 -20 -25 -27 0
23 17 -14 -19 -24 -27 0
12 5 -7 -16 -19 -20 -26 0
25 22 16 9 -2 -17 0
24 22 -5 -9 -11 -14 -27 0
22 19 -5 -14 -16 -23 -24 0
24 19 14 7 5 2 -9 -26 0
1 -2 -7 -11 -27 0
25 24 17 11 2 -5 -14 -26 -27 0
25 24 22 20 17 14 9 -26 0
25 14 12 11 -5 -7 -20 0
27 26 20 19 11 7 -22 -24 0
26 23 20 14 9 7 -19 0
11 9 2 -19 -20 -24 0
26 24 17 16 -12 -25 0
27 25 20 17 -5 -14 -22 -26 0
22 20 17 14 -5 -25 0
16 -2 -12 -14 -17 -19 0
26 25 23 22 11 -7 -19 0
14 9 5 -17 -22 -23 -24 0
23 20 16 7 -5 -9 -11 -17 -22 0
26 12 -9 -14 -19 -24 0
27 25 16 9 7 2 -5 -14 0
22 17 14 11 7 -20 -24 0
17 16 9 5 -11 -19 -22 0
24 16 -9 -17 -20 -22 -23 -27 0
27 20 19 17 14 -2 0
26 24 19 -11 -16 -23 -25 0
27 -7 -11 -12 -19 -22 -23 0
25 24 23 20 19 9 7 -11 0
24 20 14 11 5 -2 -17 0
27 26 14 11 -5 -12 -24 0
19 17 16 9 -11 -20 -27 0
19 16 7 -17 -20 -24 -27 0
5 -7 -14 -16 -17 -24 0
26 17 7 5 -16 -27 0
27 26 14 7 5 -9 -20 0
24 22 2 -5 -20 -25 -26 0
27 23 19 17 5 -11 -12 -14 0
25 24 19 11 7 -5 -12 -26 0
26 25 20 11 9 2 -14 -19 0
25 17 14 9 -5 -22 -23 0
27 25 19 -2 -5 -12 -17 0
25 24 20 16 5 2 -9 -26 -27 0
12 7 5 -11 -16 -17 -25 -27 0
17 12 5 -14 -22 -23 -24 -26 0
27 25 19 12 -2 -5 -11 -16 -20 0
26 2 -5 -11 -14 -16 -20 -24 0
26 20 19 9 -11 -22 -25 0
27 23 19 9 -16 -20 -22 -25 0
25 14 -5 -7 -16 -22 -24 -26 0
27 22 16 -7 -9 -11 -23 -26 0
25 20 7 5 2 -12 -17 -24 -27 0
20 17 12 -5 -9 -24 -25 0
27 19 5 -14 -17 -24 -25 0
23 20 17 16 11 9 -19 0
25 22 14 9 -5 -24 -27 0
16 11 -12 -14 -20 -22 -23 0
22 19 17 9 7 -5 -14 0
24 11 5 -2 -16 -19 -20 0
26 24 23 20 14 11 2 -22 -25 0
25 20 17 7 -2 -14 -26 -27 0
26 20 16 -7 -11 -14 -19 0
14 9 2 -5 -11 -19 -22 0
26 22 16 12 -5 -11 -20 -23 0
27 22 20 14 5 -7 -17 -19 0
27 22 17 5 -23 -24 -25 -26 0
20 -5 -7 -12 -16 -19 -27 0
25 24 12 7 2 -9 -16 -20 -27 0
27 25 20 19 11 -9 -16 -23 -24 -26 0
23 -9 -11 -19 -20 -24 0
27 19 16 14 12 5 -11 -20 -22 -23 0
26 25 23 22 19 12 11 7 -9 -16 0
26 22 19 5 -2 -11 -16 -17 0
25 20 16 -5 -9 -11 -26 -27 0
16 9 5 -7 -11 -19 -26 0
20 19 16 -2 -9 -11 -22 -25 0
24 19 12 5 -7 -9 -11 -16 -22 0
26 22 20 7 -5 -24 -25 0
26 25 24 19 17 14 5 -20 0
12 -16 -17 -20 -23 -24 -25 -27 0
5 -2 -9 -16 -17 -26 -27 0
27 25 20 9 5 -2 -14 -22 0
16 5 -12 -17 -19 -20 -26 0
20 17 12 7 -9 -22 -23 -24 0
27 11 7 5 -12 -20 -25 0
22 16 9 5 -17 -25 -27 0
23 22 20 19 14 2 -16 -25 0
27 25 24 20 9 2 -5 -7 -16 -19 0
24 16 14 -7 -11 -12 -17 0
25 20 12 5 -11 -16 -17 -22 -27 0
27 20 19 9 7 -11 -14 -23 -26 0
24 17 12 7 -11 -20 -22 -25 -26 0
27 26 19 16 7 5 -9 -23 -25 0
25 17 12 7 5 -20 -23 -27 0
24 23 19 16 12 11 -14 -22 -25 0
27 25 20 -5 -7 -9 -19 -24 0
27 16 5 2 -11 -12 -22 -24 -26 0
25 24 14 11 -5 -7 -16 -26 -27 0
5 -2 -19 -24 -25 0
26 17 16 5 2 -11 -22 -24 -27 0
25 24 19 16 12 -7 -9 -27 0
26 23 19 9 7 5 -17 -25 0
27 12 -7 -9 -11 -17 -20 -26 0
25 20 16 12 -5 -19 -22 -26 0
22 20 19 2 -11 -12 -14 -26 0
23 20 19 17 12 -14 -16 -25 0
25 17 9 -2 -16 -22 -27 0
24 23 16 9 5 -19 -27 0
25 22 16 14 5 -9 -11 -20 0
27 25 22 19 11 -7 -9 -24 0
26 24 20 12 5 -7 -14 -16 -22 0
22 20 12 7 5 -2 -9 -19 -26 0
22 19 17 16 5 -2 -7 0
24 23 20 14 12 11 5 -19 -22 0
26 25 17 2 -5 -9 -14 -16 -22 -24 0
26 20 9 -5 -7 -23 -25 0
14 -5 -11 -12 -17 -20 -24 -26 0
27 19 17 7 -5 -20 -23 -26 0
27 25 22 17 12 -9 -14 -19 -24 0
26 -7 -11 -14 -27 0
26 25 22 17 9 -7 -20 -23 0
27 22 16 14 12 11 5 -20 -23 -26 0
23 22 16 11 -9 -17 -24 -26 0
25 24 20 17 2 -5 -14 -27 0
5 -7 -9 -11 -19 -22 -24 -27 0
27 23 16 2 -5 -11 -12 -19 0
27 20 19 -2 -14 -24 0
27 24 20 16 11 -2 -5 -12 0
25 23 16 14 12 11 5 2 -24 0
26 12 11 7 2 -5 -9 -14 -16 -20 -22 0
22 20 17 2 -5 -12 -26 -27 0
24 22 20 9 7 -2 -5 -14 0
26 20 17 14 12 5 -7 -9 -11 -22 0
27 24 14 11 5 -12 -17 -26 0
27 22 11 -2 -7 -14 -16 -17 -26 0
27 24 20 19 11 5 2 -14 -25 0
27 23 17 16 12 7 5 -19 -22 -26 0
23 22 5 -7 -16 -19 -20 0
25 24 23 19 9 2 -11 -14 -17 -26 0
25 22 17 14 9 -2 -11 -26 0
26 24 23 20 11 2 -5 -12 -14 -19 0
17 9 5 -14 -19 -23 -24 -26 0
22 16 7 2 -5 -9 -25 -26 0
25 20 16 -5 -7 -9 -11 -22 -26 0
26 19 5 -2 -11 -14 -17 -20 0
26 23 22 19 16 -11 -12 -14 0
26 20 17 9 7 -14 -16 -19 -22 0
27 25 24 16 12 7 -5 -17 -20 -23 0
23 14 -5 -11 -12 -24 -26 0
23 12 7 2 -5 -17 -19 -20 0
26 17 -14 -23 -25 -27 0
25 19 17 14 11 -5 -7 -9 -24 0
19 5 -7 -14 -16 -17 -22 -23 -26 0
20 12 -7 -9 -16 -17 -22 -24 -25 0
27 25 19 17 7 5 -9 -11 -24 -26 0
19 17 11 7 5 -9 -20 -22 -23 0
24 12 5 -17 -20 -25 -27 0
22 19 16 12 -11 -17 -20 -23 -24 0
23 22 11 9 5 -19 -24 0
20 19 11 7 -12 -14 -17 -23 -26 0
26 22 11 7 5 2 -12 -17 -24 0
24 22 2 -9 -11 -16 -25 -26 0
26 25 23 14 12 7 2 -5 -9 0
23 20 19 11 9 2 -5 -7 -14 0
23 22 17 11 -12 -14 -27 0
16 -7 -11 -19 -25 -26 0
27 20 19 11 -2 -5 -9 -16 -22 -25 0
23 17 14 11 5 2 -7 -20 0
27 25 19 11 7 5 -2 -9 -22 -26 0
26 24 17 16 14 11 -5 -9 -23 0
26 22 17 5 -19 -27 0
26 24 23 19 14 7 2 -9 -25 0
25 24 22 9 7 5 -19 -23 -27 0
24 20 -2 -25 -27 0
26 25 22 17 14 9 5 -19 -23 0
27 20 12 -5 -7 -9 -14 -19 -23 0
25 24 20 9 -2 -5 -22 -26 0
22 14 12 5 -9 -11 -16 -17 -23 -24 -26 0
25 20 11 -2 -12 -14 -22 -24 0
27 22 9 2 -5 -19 -24 -25 0
20 19 17 16 14 11 5 -2 0
27 25 16 11 7 2 -19 -20 -22 0
16 12 -11 -19 -20 -22 -24 0
24 7 5 -11 -12 -19 -20 -22 -27 0
27 26 22 20 14 5 -2 -17 -24 0
27 23 22 20 19 14 12 2 -7 -26 0
26 24 16 12 -5 -11 -17 -22 -23 -25 0
26 25 24 23 22 14 9 -5 -16 -17 0
26 25 14 7 -2 -5 -9 -11 -22 0
25 20 11 -5 -12 -14 -19 -24 -26 0
24 16 12 11 2 -17 -20 -25 -26 0
24 17 11 5 -7 -14 -19 -20 -23 -26 0
26 25 16 14 -5 -7 -9 -17 -22 -23 0
26 -5 -7 -16 -17 -19 -27 0
26 16 -9 -14 -19 -20 -23 -25 0
11 5 -12 -14 -23 -24 -25 -26 0
27 24 20 5 -7 -9 -11 -17 -22 -26 0
27 20 17 5 -7 -12 -16 -23 -25 0
26 25 5 -2 -9 -11 -14 -19 -22 0
25 16 14 9 -17 -19 -24 0
25 23 14 12 5 2 -9 -11 -27 0
27 23 20 17 14 11 -22 -25 0
24 12 7 -2 -16 -19 -27 0
27 19 17 5 -2 -11 -20 -22 -26 0
25 23 12 2 -7 -11 -16 -17 -19 0
27 25 19 -5 -7 -11 -16 -20 -23 -26 0
27 22 14 11 -7 -12 -24 0
25 14 9 7 -5 -16 -23 -27 0
16 11 9 5 2 -17 -20 -22 -27 0
24 17 2 -12 -16 -19 -20 -22 -27 0
22 12 5 -7 -9 -14 -17 -19 -23 0
23 22 11 9 2 -20 -24 -25 0
27 22 20 17 11 7 -2 -19 0
27 19 5 -2 -9 -11 -14 -22 -25 0
25 16 7 2 -5 -9 -11 -14 -17 -22 -26 0
23 17 5 -9 -16 -25 -27 0
27 22 20 16 7 -2 -5 -9 -11 -25 0
23 22 14 11 5 2 -12 -24 0
25 20 -5 -9 -11 -14 -19 -23 -24 -26 0
23 20 19 17 12 11 2 -16 -22 -27 0
25 24 19 16 -5 -9 -14 -20 -23 -27 0
26 23 22 5 2 -11 -12 -14 0
25 14 9 7 5 -11 -17 -22 -23 0
16 5 -7 -11 -20 -22 -25 -26 0
27 26 24 22 19 17 14 -7 -20 0
24 17 16 9 -5 -11 -19 -23 -26 0
22 9 5 -2 -11 -19 -25 0
17 14 -2 -5 -11 -22 -25 0
24 23 20 7 5 2 -9 -16 -17 -27 0
27 17 -9 -11 -14 -19 -24 -25 0
26 14 -2 -5 -16 -17 -20 0
25 19 7 2 -14 -17 -20 -22 -24 0
25 24 20 19 17 14 12 -9 -22 -23 -26 0
25 24 14 12 -5 -7 -9 -17 -26 0
22 17 12 5 -2 -7 -9 -11 0
25 24 22 19 12 5 -2 -14 -16 -17 0
27 2 -5 -7 -9 -11 -17 -19 0
23 22 20 19 -12 -14 -24 0
27 25 23 12 11 5 -9 -16 -22 -24 -26 0
11 -5 -7 -16 -19 -20 -25 -26 0
22 -5 -11 -12 -17 -20 -27 0
27 19 16 14 -5 -11 -12 -23 -25 -26 0
27 25 17 14 5 -9 -11 -16 -20 -26 0
27 24 19 14 12 5 -7 -11 -17 -22 -23 0
22 19 16 7 5 -9 -20 -25 0
27 26 16 -2 -11 -17 -22 -24 0
26 19 16 12 -2 -7 -9 -11 -22 0
25 17 11 9 7 -14 -19 -22 -23 0
26 20 11 9 5 -7 -14 -23 0
26 16 -7 -12 -19 -25 0
27 19 16 9 -14 -23 -25 -26 0
20 19 9 -5 -7 -14 -22 -27 0
26 20 12 -5 -7 -11 -22 -24 0
16 -5 -11 -17 -19 -22 -25 -26 -27 0
26 16 11 -14 -17 -22 -23 -27 0
27 25 24 19 9 -5 -11 -20 -23 -26 0
25 20 7 5 -12 -16 -17 -22 -27 0
27 24 12 7 -5 -11 -16 -17 -22 -23 -25 -26 0
23 19 11 2 -5 -12 -14 -26 -27 0
25 20 19 12 11 7 -2 -9 -16 -17 0
27 20 14 11 2 -5 -12 -16 -17 -19 -22 0
25 24 22 19 16 14 -2 -11 -26 0
25 19 16 14 7 -11 -12 -22 -23 -27 0
25 23 19 11 9 7 -5 -14 -16 -17 -26 0
26 25 23 17 16 9 5 -14 -19 0
26 22 19 -5 -7 -16 -23 -27 0
24 23 22 14 5 -11 -16 -25 -26 0
26 17 12 11 7 -2 -5 -22 -25 0
23 16 7 -12 -17 -19 -26 -27 0
25 19 12 11 5 -7 -9 -16 -17 -24 0
25 11 9 -5 -17 -19 -24 -27 0
22 19 17 16 12 5 -7 -9 -11 -14 0
26 25 24 19 17 11 9 -5 -14 -16 -22 0
12 5 -7 -9 -11 -16 -19 -20 0
22 19 17 14 5 -20 -23 -25 -26 0
25 22 20 19 14 12 7 -9 -23 -24 -27 0
27 17 16 7 2 -12 -19 -20 -22 0
23 20 11 5 -9 -14 -19 -24 -27 0
26 24 19 5 -7 -12 -20 -22 -23 0
25 24 20 17 12 7 -5 -9 -11 -23 -26 0
24 19 11 9 7 -16 -17 -22 -23 -27 0
22 19 -5 -14 -16 -20 -26 -27 0
26 17 14 7 5 2 -24 -27 0
26 19 17 9 -7 -11 -16 -22 -24 0
26 12 -5 -7 -9 -17 -19 -22 0
22 16 11 -2 -7 -12 -14 -26 0
24 22 20 16 14 9 5 -19 -23 -26 0
27 20 12 7 -2 -9 -16 -22 -25 -26 0
27 25 19 -9 -11 -14 -17 -22 -24 -26 0
17 14 11 7 -16 -19 -20 -25 0
26 25 5 -9 -14 -17 -22 -23 -24 0
22 16 14 7 5 -24 -25 -27 0
26 22 20 16 14 -2 -5 -7 -11 0
27 26 22 16 -5 -9 -14 -17 -20 -23 0
25 19 16 -5 -12 -17 -22 -26 -27 0
25 24 17 16 11 7 2 -5 -14 -19 -20 0
12 11 5 -7 -14 -16 -17 -19 -23 0
23 22 -5 -12 -24 -26 -27 0
23 19 17 9 -11 -14 -16 -27 0
23 16 5 -11 -19 -22 -24 -25 0
26 22 20 19 17 16 14 9 7 -25 0
26 24 23 19 12 7 2 -5 -9 -16 -25 0
26 24 17 11 -9 -19 -20 -23 -25 0
27 26 20 19 -11 -14 -22 -23 -25 0
23 17 16 11 -5 -14 -22 -25 -26 0
27 23 22 16 9 -5 -11 -19 -26 0
27 24 23 19 17 14 12 11 7 2 -16 0
11 -2 -17 -20 -22 -24 -26 0
27 24 17 16 11 -5 -7 -12 -19 -23 0
23 22 5 -9 -11 -14 -24 -26 0
19 14 12 11 7 -9 -16 -20 -22 -26 0
26 23 22 -5 -11 -16 -24 -25 0
23 20 9 5 -16 -19 -22 -25 0
26 25 24 23 16 14 2 -17 -20 -22 0
26 24 23 20 11 7 -12 -16 -25 0
26 23 19 16 2 -5 -20 -24 -25 0
25 17 16 5 -2 -12 -22 -24 -26 0
22 19 14 7 -5 -12 -20 -27 0
20 19 9 5 -2 -16 -22 -27 0
26 25 23 20 17 2 -5 -9 -14 -24 0
26 24 20 14 7 -5 -9 -11 -19 -23 -25 0
25 24 20 19 11 9 7 -5 -16 -23 -26 0
25 24 23 20 19 7 -5 -11 -12 -14 0
25 24 16 14 12 11 7 -2 -5 -17 0
27 25 19 17 11 7 -5 -12 -16 -20 0
14 9 7 2 -11 -16 -17 -19 -22 0
24 22 14 11 7 5 -9 -25 0
25 20 16 -2 -5 -14 -22 -26 0
26 24 22 20 19 17 14 -7 -12 -23 0
27 26 22 16 -9 -11 -17 -19 -23 -24 0
16 -7 -11 -14 -19 -22 -23 0
19 14 7 5 -9 -11 -20 0
27 9 7 5 -2 -14 -17 -20 -22 0
26 25 23 20 17 5 2 -7 -11 -12 0
27 26 11 -5 -7 -12 -17 -24 0
23 17 16 12 2 -9 -11 -19 -22 -27 0
26 25 20 19 14 12 7 5 -2 0
25 24 23 9 7 2 -11 -14 -17 -20 0
26 22 14 11 -7 -12 -16 -20 0
26 20 11 9 7 -2 -14 -16 -22 0
27 19 17 16 11 9 -2 -5 -26 0
26 17 9 -11 -14 -19 -22 -23 -25 0
26 22 20 9 -7 -11 -16 -23 -25 0
22 16 11 7 2 -5 -17 -19 -20 -26 -27 0
26 20 19 16 9 -2 -5 -7 -11 0
25 23 20 19 17 11 5 2 -22 -27 0
24 23 14 12 5 2 -9 -16 -17 -26 0
23 20 2 -5 -7 -9 -19 -27 0
22 20 19 9 2 -5 -11 -16 -27 0
17 11 5 -9 -14 -16 -24 -27 0
23 20 17 12 2 -7 -9 -14 -19 -22 -26 0
26 23 19 14 12 11 2 -9 0
25 17 5 -11 -12 -14 -20 -22 -24 0
26 20 -5 -14 -16 -19 -22 -23 -27 0
27 26 16 -2 -5 -12 -17 0
26 24 20 11 9 5 -14 -25 0
24 23 19 17 12 11 5 -9 -16 -27 0
26 22 16 14 9 7 -17 -20 -23 -25 0
26 23 22 20 19 14 9 -7 -16 -17 0
23 22 19 5 2 -11 -12 -26 0
27 19 11 -12 -14 -23 -25 -26 0
20 17 11 5 -14 -19 -22 -24 -26 0
20 16 9 -5 -17 -19 -22 -26 0
26 24 16 -5 -12 -14 -19 -25 0
26 22 20 17 16 11 -2 -7 0
26 19 17 12 11 -5 -7 -9 -24 0
27 25 19 12 -2 -11 -16 -22 -24 -26 0
23 22 17 16 11 7 -14 -27 0
27 20 14 7 5 -9 -11 -19 -22 -24 -25 -26 0
24 22 20 16 5 -9 -11 -19 -27 0
26 24 22 19 17 5 -14 -20 -23 -25 0
26 12 7 2 -9 -11 -17 -20 -22 -25 0
27 19 17 9 7 -5 -23 -24 0
25 23 14 -9 -16 -17 -19 -22 -27 0
27 23 16 12 -5 -14 -20 -22 -25 -26 0
26 20 19 14 12 7 2 -9 -16 -22 -25 0
19 9 7 5 -11 -14 -17 -23 -24 -27 0
23 20 19 17 9 2 -5 -25 0
24 19 16 11 5 -14 -22 -25 0
27 9 7 -2 -11 -14 -19 -22 -26 0
26 23 19 17 5 2 -7 -12 -22 0
19 17 16 -5 -7 -11 -12 -20 -24 -27 0
26 22 12 2 -5 -7 -14 -19 -20 0
9 7 -5 -11 -16 -17 -20 -22 -23 -27 0
27 22 12 -7 -9 -16 -17 -19 -26 0
23 16 14 2 -5 -12 -17 -25 -26 0
19 17 -5 -11 -12 -16 -20 -23 -26 -27 0
27 24 22 16 14 7 -5 -9 -26 0
11 5 -2 -17 -20 -22 -25 0
26 24 22 14 11 -19 -20 -23 0
25 20 -5 -7 -11 -22 -24 -26 -27 0
22 20 16 11 2 -9 -25 -26 0
20 16 5 -7 -12 -19 -25 0
24 14 11 9 -7 -17 -20 -22 -23 0
16 11 9 -2 -17 -19 -26 0
24 7 5 -2 -11 -14 -17 -19 -26 0
26 22 20 -5 -9 -11 -16 -23 -25 0
25 16 -14 -17 -20 -22 -24 0
22 16 7 5 -12 -23 -27 0
26 25 19 17 14 7 -5 -11 -22 0
19 12 5 -11 -16 -17 -22 -23 -27 0
24 14 9 7 -17 -19 -22 -27 0
27 25 16 14 -5 -7 -19 -22 -23 0
23 22 5 2 -7 -14 -16 -17 -20 -26 0
25 20 17 11 -5 -12 -14 -16 -24 0
27 25 14 11 9 -5 -7 -22 -24 0
27 17 14 7 -9 -20 -22 0
24 17 11 7 -12 -20 -25 -26 0
27 14 11 -5 -7 -12 -17 -20 -24 0
24 20 16 12 11 -5 -7 -9 -17 -27 0
16 9 5 -20 -22 -24 -25 0
22 17 14 9 -19 -20 -27 0
27 25 16 5 -11 -17 -20 -24 0
26 7 -11 -16 -19 -20 -22 -24 -25 0
24 5 -7 -12 -16 -20 -22 -23 -26 0
24 23 20 19 11 7 5 -27 0
17 5 -2 -11 -14 -16 -22 -25 0
26 24 22 -11 -17 -19 -20 -23 0
25 22 7 -2 -5 -11 -17 -20 0
27 22 19 16 5 -9 -14 -25 -26 0
25 20 -5 -7 -9 -17 -19 -24 0
23 19 17 16 12 2 -20 -22 -25 0
24 16 14 9 7 5 -2 -22 -25 0
26 19 12 5 -11 -17 -22 -24 -25 0
26 23 9 2 -5 -16 -17 -19 -22 0
20 17 16 5 -7 -11 -12 -24 -26 0
25 22 19 16 14 -20 -24 -27 0
26 25 24 9 7 5 -19 -20 -23 0
20 19 17 16 14 -2 -5 -25 0
11 9 -14 -17 -20 -22 -24 0
26 17 5 -11 -25 -27 0
22 19 5 -7 -12 -17 -20 -24 -26 0
24 22 17 11 7 -9 -16 -25 -26 0
22 16 2 -5 -7 -11 -12 -26 0
14 9 5 -11 -17 -19 -23 -24 -27 0
22 19 16 5 -12 -26 -27 0
26 12 5 -7 -14 -17 -19 -23 0
24 22 -2 -5 -12 -14 -27 0
5 -12 -14 -16 -19 -24 -26 -27 0
26 25 19 17 11 5 -22 -27 0
27 23 11 9 2 -20 -25 -26 0
26 -2 -17 -19 -20 -27 0
26 22 20 17 11 -2 -5 -14 0
26 24 19 -7 -22 -23 -27 0
22 5 -9 -11 -16 -19 -25 -26 0
19 17 9 -5 -7 -14 -24 0
9 5 -2 -14 -19 -22 -26 0
27 26 16 11 -12 -20 -24 0
5 -2 -12 -17 -19 -22 -27 0
23 17 11 9 5 -19 -24 0
16 9 -2 -7 -17 -19 0
20 -5 -7 -12 -16 -19 -24 0
26 16 14 7 -2 -5 -11 -22 0
24 23 11 2 -12 -19 -25 0
26 24 -23 -25 -27 0
23 16 9 -5 -19 -24 0
25 22 20 12 11 7 5 -2 -17 -26 0
23 20 19 17 5 -11 -12 -16 -22 -26 0
26 19 17 14 9 5 2 -11 -16 -20 -25 0
26 23 22 20 12 -5 -7 -9 -14 -16 -17 0
27 26 11 7 5 -12 -17 -23 -25 0
23 19 5 -12 -14 -16 -17 -24 -26 0
27 22 20 17 7 -11 -12 -23 -24 -26 0
26 16 11 9 -2 -5 -7 -22 -25 0
26 17 14 9 -5 -11 -16 -20 -22 0
26 25 24 20 16 14 9 -7 -22 -23 0
26 23 22 19 11 9 2 -5 -7 -16 -20 0
26 16 11 -2 -7 -9 -19 -20 0
27 25 22 12 11 5 -9 -14 -19 -24 0
26 22 19 9 -2 -5 -11 -14 -16 0
27 23 19 9 5 -14 -17 -24 -26 0
20 17 11 5 -9 -14 -23 -24 -25 0
24 19 14 7 -12 -20 -25 -26 0
27 22 17 11 -5 -12 -23 -24 -26 0
27 25 24 14 11 -17 -20 -23 0
25 20 11 9 7 -2 -5 -16 -27 0
26 25 23 14 11 5 2 -12 -24 0
25 16 14 12 11 7 2 -19 -22 -24 0
27 20 19 9 7 5 2 -11 -14 -22 -26 0
19 11 7 5 -9 -20 -25 -26 0
24 23 20 2 -5 -11 -16 -17 -19 -27 0
12 11 -9 -14 -16 -17 -20 -23 -25 0
23 20 -7 -9 -11 -14 -16 -22 -26 0
26 12 11 5 -7 -17 -19 -25 0
16 14 11 9 -7 -17 -20 -22 -27 0
23 16 14 -11 -19 -20 -26 0
22 17 11 5 -9 -24 -25 -26 0
22 19 17 -2 -7 -26 -27 0
25 23 20 16 7 -5 -11 -12 -19 -22 0
27 26 20 19 5 2 -11 -12 -16 -17 -25 0
26 24 20 19 16 7 -5 -11 -22 -25 0
20 11 5 -2 -7 -12 -14 -19 -26 0
27 23 16 12 7 -5 -11 -19 -22 -26 0
22 16 12 7 -5 -9 -20 -24 0
26 16 7 5 -2 -9 -14 -17 -19 -22 0
16 5 -2 -11 -12 -19 -20 -22 0
26 24 23 20 19 9 7 2 -11 0
27 24 16 14 7 5 -2 -11 -20 -26 0
27 24 20 16 11 -12 -17 -19 -25 -26 0
26 25 23 17 2 -11 -12 -14 -24 0
27 22 17 11 9 7 5 -14 -24 -26 0
27 26 19 14 -2 -9 -16 -24 0
24 17 9 5 -11 -19 -20 -22 -23 0
25 22 9 7 -5 -11 -16 -20 -23 -24 -26 0
27 23 17 16 11 7 2 -5 -12 -20 0
27 25 19 17 14 12 5 -11 -20 -22 -23 0
27 22 20 17 12 7 -5 -9 -19 -23 -26 0
27 24 -5 -11 -14 -17 -19 -20 -25 -26 0
25 24 16 14 9 5 -11 -19 -23 0
26 20 16 14 7 -5 -11 -17 -25 -27 0
24 23 16 14 7 -22 -25 -27 0
27 23 16 2 -5 -9 -11 -17 -25 -26 0
27 20 -5 -7 -11 -12 -14 -23 -26 0
26 25 17 14 7 5 -20 -23 0
20 17 7 -2 -5 -11 -12 -14 -26 0
26 25 24 23 22 16 14 11 9 7 0
16 14 12 -2 -7 -9 -22 -26 0
23 22 7 -5 -11 -17 -19 -20 -26 0
27 20 17 -5 -7 -11 -12 -23 -25 -26 0
26 25 22 14 9 5 -7 -16 -19 0
27 26 22 19 -2 -11 -12 0
20 16 -7 -12 -14 -17 -24 0
26 12 5 -7 -17 -19 -24 0
26 25 -7 -11 -16 -19 -22 -27 0
17 9 -2 -14 -16 -22 -25 0
24 23 20 5 2 -12 -25 -26 0
23 2 -9 -11 -20 -24 -25 0
22 11 -2 -14 -16 -17 -19 -25 0
27 25 20 16 9 5 -2 -11 -24 0
23 12 2 -9 -16 -20 -25 -27 0
20 -2 -7 -11 -19 -22 -25 0
25 16 14 -2 -5 -9 -11 -26 0
26 24 16 5 -14 -27 0
20 16 -2 -7 -17 -19 -22 -26 0
16 9 -2 -7 -19 -22 -27 0
20 17 16 5 -7 -11 -12 -24 -25 0
24 17 16 14 12 5 -9 -11 -27 0
23 16 12 7 2 -5 -9 -19 -20 -26 0
16 12 -2 -5 -9 -14 -24 0
27 25 20 19 2 -5 -11 -12 -14 -26 0
26 22 20 17 12 -2 -5 -19 0
12 -7 -9 -11 -16 -17 -25 -27 0
27 22 20 16 14 11 -5 -12 0
24 22 11 5 -7 -9 -20 -25 0
22 7 -12 -14 -17 -24 -26 -27 0
12 -2 -9 -16 -17 -19 -24 -26 0
17 14 5 -2 -9 -22 -25 0
16 9 5 -2 -7 -14 -19 0
23 20 17 9 2 -5 -7 -19 0
16 9 5 -7 -17 -20 -24 0
26 12 -7 -9 -11 -14 -19 -23 0
16 14 -17 -19 -20 -26 -27 0
24 19 11 5 -12 -14 -25 0
25 19 9 -2 -5 -11 -14 -27 0
27 19 16 11 9 -14 -25 -26 0
23 7 2 -5 -11 -17 -19 -20 -26 -27 0
17 14 9 7 -5 -16 -20 -23 0
23 16 14 7 -19 -20 -22 0
26 9 -11 -14 -22 -24 -25 0
11 7 -2 -16 -19 -20 -27 0
26 20 17 5 -19 -25 -27 0
27 16 -7 -17 -19 -20 -22 0
26 -2 -7 -11 -12 -25 0
22 17 12 -5 -9 -11 -14 -27 0
25 5 -2 -11 -17 -20 -24 0
19 17 9 -2 -7 -11 -16 -22 0
26 -7 -9 -11 -14 -19 -20 -24 0
27 23 16 -5 -11 -12 -24 0
24 22 20 14 9 7 -2 -19 0
20 9 2 -5 -7 -11 -19 -22 0
23 22 19 2 -7 -9 -25 0
20 17 12 -2 -5 -7 -9 -16 0
22 17 16 5 -11 -14 -24 -25 0
23 17 12 -7 -16 -25 -26 0
11 -2 -7 -16 -22 -25 -26 0
22 17 11 -2 -25 -27 0
23 16 14 2 -20 -24 -27 0
26 25 22 20 19 17 9 -11 -14 -23 -24 0
20 5 -7 -11 -12 -19 -24 -27 0
25 19 17 11 -5 -12 -16 -20 -26 -27 0
27 14 9 7 -5 -11 -16 -19 -25 -26 0
27 25 20 19 9 7 -5 -14 -26 0
24 22 19 17 12 -5 -7 -23 -27 0
26 16 11 -12 -14 -23 -25 0
5 -11 -16 -17 -19 -22 -24 -26 -27 0
16 -2 -5 -11 -12 -17 -26 -27 0
26 25 16 12 5 -7 -19 -24 0
24 23 22 20 14 2 -25 -26 0
25 14 12 -11 -17 -19 -22 -27 0
12 11 5 -9 -14 -20 -22 -24 0
24 23 16 14 5 2 -12 -25 0
27 16 11 -2 -5 -7 -12 -19 0
24 22 9 -7 -11 -16 -17 -19 -20 0
23 17 11 2 -16 -19 -25 -27 0
16 -5 -7 -19 -20 -25 -27 0
24 -7 -12 -19 -20 -25 0
11 7 5 -2 -9 -16 -17 -20 0
5 -2 -11 -19 -20 -22 -27 0
22 5 -7 -11 -17 -19 -25 0
5 -12 -14 -16 -17 -19 -26 -27 0
23 22 12 2 -5 -9 -16 -20 -27 0
27 16 11 -2 -7 -12 -17 -20 0
24 17 11 9 7 -2 -16 -25 0
26 22 20 11 -2 -5 -7 -9 -14 0
26 25 24 20 17 14 9 7 -11 -19 0
22 14 11 -2 -5 -12 -16 -17 -19 -24 0
25 24 20 2 -11 -12 -14 -19 -27 0
27 23 20 11 -5 -19 -22 -24 0
22 19 -5 -12 -14 -16 -24 0
27 19 17 12 7 2 -5 -11 -16 -25 0
26 22 14 5 -2 -9 -11 -16 -24 0
9 -2 -11 -20 -22 -24 -25 0
22 20 17 -2 -14 -19 -25 0
27 20 19 17 16 5 -12 -14 -25 0
22 19 9 -2 -7 -11 -14 -17 0
22 16 14 5 -7 -11 -20 -23 -27 0
23 16 9 5 2 -7 -14 -27 0
25 24 20 19 16 14 11 5 -12 0
22 14 12 5 -9 -11 -20 -26 0
22 20 19 2 -5 -16 -24 -25 0
27 22 17 11 7 -5 -12 -23 -24 0
26 23 22 -5 -7 -12 -16 -17 -20 0
24 -7 -12 -17 -19 -25 -26 0
