0111000111000111000111000 
0010101110100110100100111 
0001011101010101010010111 
0100110011001011001001111 
1010010100111110001011100 
1100001010111011010110010 
1001100001111101100101001 
0001011010100001101111100 
0010101001001100011111010 
0100110100010010110111001 
1011000011010010011100101 
1101000110001100101010011 
1110000101100001110001110 
0001010101101010111100010 
0010001110011001111001001 
0100100011110100111010100 
1011110010100000010011011 
1101101100010000001101110 
1110011001001000100110101 
0011100000011011100010110 
0101001000101110010001101 
0110010000110101001100011 
1000011011010110100001010 
1000101101100011001010001 
1000110110001101010100100 
