010111111111111000000000000
001111111000000111111000000
100111000111000111000111000
000010101110100110100100111
000001011101010101010010111
000100110011001011001001111
001010010100111110001011100
001100001010111011010110010
001001100001111101100101001
010001011010100001101111100
010010101001001100011111010
010100110100010010110111001
011011000011010010011100101
011101000110001100101010011
011110000101100001110001110
100001010101101010111100010
100010001110011001111001001
100100100011110100111010100
101011110010100000010011011
101101101100010000001101110
101110011001001000100110101
110011100000011011100010110
110101001000101110010001101
110110010000110101001100011
111000011011010110100001010
111000101101100011001010001
111000110110001101010100100
