length 61 seed 878
clauses:
13 0
15 0
1 0
3 0
4 0
6 0
8 0
10 0
21 0
19 18 0
14 7 0
12 2 0
20 17 -14 0
20 11 -7 0
20 16 -11 0
9 2 -5 0
14 5 -9 0
19 14 0
17 5 -2 -9 0
18 16 -9 -12 0
18 9 -5 -20 0
19 9 7 -12 -17 0
20 12 -7 -19 0
19 -2 -5 -7 -16 -20 0
9 7 -2 -11 -12 -19 0
19 16 12 11 -20 0
17 14 2 -11 0
14 12 -5 -11 0
19 17 16 5 2 0
17 14 12 5 0
18 16 2 -14 0
20 18 5 -2 -12 0
20 9 -5 -11 -14 0
18 12 11 7 5 -20 0
19 16 11 -5 -7 0
17 2 -5 -7 -11 0
19 2 -5 -11 -16 0
17 9 7 -11 -12 -16 0
20 12 11 5 -18 -19 0
18 5 -2 -9 -12 0
18 2 -5 -7 -11 0
20 19 16 5 -9 0
19 17 5 -2 -12 -16 0
20 19 -2 -7 -12 0
18 17 14 2 -16 0
18 17 11 5 -2 -12 -16 0
18 17 16 11 -5 -7 0
18 16 11 5 -9 0
18 9 7 2 -11 0
20 18 11 5 -2 -16 0
19 17 16 11 -9 0
19 11 9 7 5 -16 -17 0
20 9 2 -11 -14 -18 -19 0
18 16 7 -5 -11 0
17 14 5 2 -18 0
20 12 -5 -11 -19 0
20 19 9 -5 -16 0
16 14 11 5 2 -18 0
20 18 17 -9 0
19 16 12 7 5 -9 0
19 16 11 7 5 2 0