01110001110001110001110001 
00101011101001101001001111
00010111010101010100101111
01001100110010110010011111
10100101001111100010111001
11000010101110110101100101
10011000011111011001010011
00010110101000011011111001
00101010010011000111110101
01001101000100101101110011
10110000110100100111001011
11010001100011001010100111
11100001011000011100011101
00010101011010101111000101
00100011100110011110010011
01001000111101001110101001
10111100101000000100110111
11011011000100000011011101
11100110010010001001101011
00111000000110111000101101
01010010001011100100011011
01100100001101010011000111
10000110110101101000010101
10001011011000110010100011
10001101100011010101001001
00000000000000000000000000
