01111010011011000110000101
00000010110010011100111101
01011110100110110001100001
01000000101100100111001111
01010111101001101100011000
11010000001011001001110011
00010101111010011011000110
11110100000010110010011100
10000101011110100110110001
00111101000000101100100111
01100001010111101001101100
11001111010000001011001001
00011000010101111010011011
01110011110100000010110010
11000110000101011110100110
10011100111101000000101100
10110001100001010111101001
00100111001111010000001011
01101100011000010101111010
11001001110011110100000010
10011011000110000101011110
10110010011100111101000000
10100110110001100001010111
00101100100111001111010000
11101001101100011000010101
00001011001001110011110100
